t = 0:5:100
%t = [0 9 
upsignal = [0 